205

111, 812 p. 73 ’ 11.η,113··161μ186138-
867 111 1511158) 67

838 73 175 186
300 60 “’ ’182 · 151. 163
906 ι· 1111111185. 0, 1 151,,’
161 :¹ 54(n01.12a). 10 131

6, 31 70.81 13 158 (1101. 2).
, 51 81 Γ 25. 26 186 ’
56 ’ 63 37 ,163Ι
11 11611 51.¹ 151
112 78117 55 61
121 68 Ὶ71 ’ 111
135 131 ι 103 ’ 61 ’
137 131 113 61
113 f 67 1281312) 21. 102
155 ι 60103 137 77
200 53 v 133 57

“ 220 20. 72 166 123
266 267 98111.κ
285 , 213 110 sq.
373 270 63 1
611 · 281 163
61 301 101
76 313 53106 sq.
102 , 371. 372 163 ·
110 , 377378 2257113111.
’111 385-’387 161
127 ’ . 116 , 13111. .
153 -. 128 57
1781201) 111 136 61
195-99 165111.Ι 118 ῑ 61
138 16 (1101. 61) 170 1 51 ·
221 10311. 1334136 161
255-257 163 501· 111 ’ ·
270 61 503 .' 78 ῑ·
280 57 ’ 526 3811.
311 61 528 ’ 1111111161.
363· 75 535-,537 161
102 ’ 07 557. 558 101
120 61 562 ¹ 83 (1101. 58).
1281131) 71 , . 118

 

