*211 .

11. φ, 163 p. 79 1111, 067 p. 79
538. 539 ’ 37 sq. 190 693 91511.
575 ¹ x 46. 15555 701 11

p. 53 725 82
χ, 32 83 01151, 3 13

215 1551 · 88 11 (151. 55) y
268 68 68
266 62 f 55 151
, 551 15 151 15
555 51 115 15
515ι ’155511 255 “ 55
555 55 251 521 η.
111 155. aa ,155 555 151
’1595 11η 6 ³3} (12) 110 “¹⁹
1
Ι 515511 121 · 55 155
552 51 11 15
155 66 ’ 51 152 sq.
151 51 155 11
115 (688) 51. ’155 55·
521 111 552 15
555 , 125 115 51
679 72 511. r, 11 128
155 , 15 15 11
1511155) 51 55 58
155 151 215. 511 555551.
816 68 ε 225 111
,12 15 252 55,
11 86 255 x , 55 ’
88 55 5 551 151
115 “ 151 555 115
255 (521) 15 (551. 11) 515 55 η.
255 11515. 880 125
251 55 ’ 155151 115
255 55 152 ’ 55 (151 551 .
301 200151. 72) 111 29 = ·
155 2511 “ 155 152

155 86 6¹ 55

512 52 02-61 190 ,
518 00 (not. 38) 70 75
528 15 199 75

550 71 150 110 ’

 

