209.

66. 6, 666 p. 66
6666666 66

277
301
307 “

331

81. 169.
89 aq.
131 sq.
51

666 (666) 66 6,.

666
666
666-666
666
666
666
666 5
666-666
666
666
666 -
666

. 666
666

5 ,66
66
66-66
66 ’
66666
666
666-666
666
666

· 666
666

188 ·
202
207
223
233
231
237
213
281

78

109

20175

109 sq. ,

91

61

121

170

90

51. 72

09 .

81

77 ·

60

59 ·

59

Α616.63ρ.170 ,

123

15318766. λ

113

37170188.

102

82

79

2811 (not.
506).138

38

125

60

132

116

117

170

63

67

11. n, 290 p. 60

330 51

379 60
dai-461 3866617066.
162 68

167. 168 160 tq·

170 11

666 66 ·

, 515 70

618 59
666-683 175. 188
688

607

’ 710·

718
807

ρ,7

51

51

63

103 .

131-136

119

153

171

173 .

211 117 sq.

215 61

256 · 51

260. 261 188 sq.

261 79 not. 16

268 132

302 52

307 50

368 · 91 sq.

392 71

101-125 171

156 159

197 61

515. 516 189

582 118 sq·

595 110
11

 

