207

44. μ, 444 (444) p. 44 · ·
¹ 366 60 sq.

11.1,528. p. 81 .
548-557 187 sq.
553 81
589 69
622 61
690 64· .
639 70
705 167 sq.
730 107
754 ’ 30. 54
773 66
782 64
734. 795 168

. 799 59

817 61
831 128
838 80 .
841 123 sq.
‚ 5-36 186
11 , 63
34 46. 61
44 81
69 124
66 72
68 16 (444161).
Ι 75 20. 81
79 67 .
127128 68. 78 (noi.
138 78 (4444. 42).
153 108
161 73 =
175-181 1168
230 144 ’
231 Ι54 ·
246 137 .
295. 296. 30 (nol. 19).
115
340 124
342. 343 89 444.
348 59 (not. 35).
68. 81.

366 57 ·
401 . 63 ,

,423 - 8844.

444 44

444 r 444 (4.4. a).
444

444

444 . , ,

42

44
44
44
44
444
444
444
444
444
444 ’
444
444
444
444

245 *-

246

257

315 ·'

330

367

374

383 ’ 61
423

447 . 87
449 70

444 44. 44. 444 ’

444 Ι44
444 (444) 44 sq. 444
444 44
444 44

 

