291

11. r, 11 ρ. 55 111, 511 p. 51

71 96 339 111
92 8 (noi. 39). -'- 178 52
56. 187 79
99 73 517 69
199Ι 196 535 135
126 Α96.ιᾶρ.85. e, 31 (155) 51
152 53 53 112
155 ’ 151 55111111.
163 76 661) 63
187» “ 128 85 sq.
296 132 79
211 116 69 sq.
227 110101. 595) 156 79
231 79 162 ¹ 196
236 28 187 . 185
211 91 191 111
259 71 295 (686) 61. 77
273 73 227· 122
289 52 219259 17
331. 335 181 sq. 263 53
, 352 ’ 17 (1101. 68). 289 1191111. 591).
551 15. 111. 111 122
373 11 (11015911). 399 73 111.
192 59 323 53
115 69 329 2971
aza-427 171 352 62
159 78 116 91
11, 3 “ Δ61511. 128 58
88. 89 171 161 119 (110111).
198 (192) 63 166 66 sq.
123. 121 151, 516 115
“ 137 = 531 53 (not. 19).
139 ” - 512 (519) 192
112 11 (11515911). 626 135
161 97111. 639 68
171 119 638 (658) 22. 11 (not.
115 11 ¹ 115). 51
212 71 798 193511.
213(329.367)61 731-736 185
277 131 ’ 778 86
282 111 518 151

 

