11. ρ, 606 p· 63
o, 10. 11 176 noi. 11
31 126
39-19 189
98 61
100 (213) 109
112 80. 139

154—156 11115511.

160 132
’171 131
198 75
269. 210 136 sq.
222 22. 66
230. 231 119
217 20110
281 111
285 51
287 78 Ι
356-368 25 κη.
361 83
385 (121) 69. 75
100 113
166 126111.
177 66
183-608 189 sq.
185 127 ¹
192 138
498 ¹8ss
502 106
528. 523 175
533 Ι70
519 60
563 66
561 30
565 138111.
570 A 63
576 139
. 579 118
581 , 92 sq.
581 87
592 50
τ, 11 110

210

111, 26 p· 53

70

81

76. 77 171 η.

38
233
215
216
257
312
381
106

υ, 11

30

111

138Ι

151
156
176
197
259
261

51
111

88
Adam! p. 119
111

71
’ 58
102
127
161
119 aq.
77

61 “
60
.68

63

60

58

273. 271 150

233
-313
. 331
123
181
181
ἣ 2
12,
’53
81
35
131
118
, 163
135
262 ·

111

55 sq.
132

67
139
22. 53
31 aq.
73

55 sq.
»60

86 ,
55 sq.
68
118
172

62

272 (522) 111
335. 336 97

337
390

70
63

 

