Ἣ

m,1 μη

1. 5 111 sq. 178

8

57

21 (318) 19. 69

31
12

16. 17

, 51
56
60
63
68
69
73

91
97
160
111
117
129
113

129

61

129 sq. 178
66. 72

63

120

178

66

161 sq.
115

- 56
76. 178 sq. .

51
105
113
139 sq.
15
179
92
179

159. 166 96. 179

162
163
169
198
203
201

69
116
72
63 ·
76
98

INDEX Locossnhi 110111111100110111.

ηωωψμωη

20 w·
zmm ψη
mammo
m ω

,- 251 67

260 . 91 “

271 58 sq.

299 97

336 ’ 57

338 52

351 136

393 71

396-106 180

100 101 tq.

101 158 sq.

121 51

121 82

128 62

131 κ130

116117 152

161 ι60

181 82

188-192 162180

193 195 sq.

530 51

559 55 sq.

567 19. 29 sq. 51.
96311.

582 133

585 · 1101151595)

 

