208

11. ν, 609 p. 135 111, 310 p. 87
610 112 322 53 sq.
627 78 340 71
643 102 ιφ 349 125
692 141 351 125
694 1697) 50 tq· 366 125
701 51 376. ³7¹1 168 sq.
702 124 394. 395 155
712 50 tq. 398 75
731 23 sq. 400 75
734 55 η. 412 63
751 427 83 tq.
787 434 91 η.
808 437 125
824 442 50 sq.

ξ, 16 , 79 445
36 446
37 36. 124. 469

10 (ποι 42). 470
105 sq. 124

4401111593)

129

ο, 18-31 169
32 76
33 169
36 (192) 114
45 59
64-77 24169
66 55111.
79 (237) ’137 η.
’86 109
134 112 η.
138 74
139 75
169 138
179 59. 78
192 114 ’
206 10
207 125

 

